20
0 557 698 575 541 527 429 525 452 712 422 551 631 641 483 701 601 657 655 475 
557 0 454 782 728 711 613 529 607 614 462 636 585 639 772 573 758 556 704 569 
698 454 0 745 439 780 771 799 500 716 700 451 400 688 582 627 503 766 471 738 
575 782 745 0 669 770 762 407 678 755 778 595 787 463 612 624 440 590 705 511 
541 728 439 669 0 600 767 686 423 597 445 679 733 681 710 548 510 638 553 730 
527 711 780 770 600 0 645 522 484 680 549 434 629 433 519 526 775 461 509 428 
429 613 771 762 767 645 0 646 536 732 774 414 517 764 512 789 460 449 591 485 
525 529 799 407 686 522 646 0 578 584 684 622 570 653 456 547 706 564 589 761 
452 607 500 678 423 484 536 578 0 444 566 757 478 695 674 714 515 596 644 673 
712 614 716 755 597 680 732 584 444 0 459 800 616 469 602 438 441 671 508 413 
422 462 700 778 445 549 774 684 566 459 0 694 499 542 603 769 642 533 759 723 
551 636 451 595 679 434 414 622 757 800 694 0 628 685 540 791 656 751 412 583 
631 585 400 787 733 629 517 570 478 616 499 628 0 436 464 606 729 753 748 630 
641 639 688 463 681 433 764 653 695 469 542 685 436 0 403 756 467 448 543 649 
483 772 582 612 710 519 512 456 674 602 603 540 464 403 0 481 744 518 790 788 
701 573 627 624 548 526 789 547 714 438 769 791 606 756 481 0 781 514 709 424 
601 758 503 440 510 775 460 706 515 441 642 656 729 467 744 781 0 760 637 725 
657 556 766 590 638 461 449 564 596 671 533 751 753 448 518 514 760 0 620 457 
655 704 471 705 553 509 591 589 644 508 759 412 748 543 790 709 637 620 0 626 
475 569 738 511 730 428 485 761 673 413 723 583 630 649 788 424 725 457 626 0 
