20
0 2098 3499 2904 5727 5144 2885 5953 3497 1682 3797 3590 1740 2665 1419 1286 2298 2692 1345 4179
2098 0 2315 1720 7171 6588 4329 7397 4941 3126 5241 2406 2140 4109 2863 1090 1114 1508 2789 5623
3499 2315 0 923 8572 7989 5730 8798 6342 4527 6642 1857 3541 5510 4264 2491 2301 1109 4190 7024
2904 1720 923 0 7977 7394 5135 8203 5747 3932 6047 1262 2946 4915 3669 1896 1706 514 3595 6429
5727 7171 8572 7977 0 1941 4454 1074 3236 4549 2288 8663 6813 4002 5468 6359 7371 7765 4864 2330
5144 6588 7989 7394 1941 0 3871 2167 2653 3966 1705 8080 6230 3419 4885 5776 6788 7182 4281 1747
2885 4329 5730 5135 4454 3871 0 4680 2224 1707 2524 5821 3971 1392 2626 3517 4529 4923 2022 2906
5953 7397 8798 8203 1074 2167 4680 0 3462 4775 2514 8889 7039 4228 5694 6585 7597 7991 5090 2556
3497 4941 6342 5747 3236 2653 2224 3462 0 2319 1306 6433 4583 1772 3238 4129 5141 5535 2634 1688
1682 3126 4527 3932 4549 3966 1707 4775 2319 0 2619 4618 2768 1487 1423 2314 3326 3720 819 3001
3797 5241 6642 6047 2288 1705 2524 2514 1306 2619 0 6733 4883 2072 3538 4429 5441 5835 2934 740
3590 2406 1857 1262 8663 8080 5821 8889 6433 4618 6733 0 3632 5601 4355 2582 2392 1200 4281 7115
1740 2140 3541 2946 6813 6230 3971 7039 4583 2768 4883 3632 0 3751 2505 1328 2340 2734 2431 5265
2665 4109 5510 4915 4002 3419 1392 4228 1772 1487 2072 5601 3751 0 2406 3297 4309 4703 1802 2454
1419 2863 4264 3669 5468 4885 2626 5694 3238 1423 3538 4355 2505 2406 0 2051 3063 3457 1086 3920
1286 1090 2491 1896 6359 5776 3517 6585 4129 2314 4429 2582 1328 3297 2051 0 1290 1684 1977 4811
2298 1114 2301 1706 7371 6788 4529 7597 5141 3326 5441 2392 2340 4309 3063 1290 0 1494 2989 5823
2692 1508 1109 514 7765 7182 4923 7991 5535 3720 5835 1200 2734 4703 3457 1684 1494 0 3383 6217
1345 2789 4190 3595 4864 4281 2022 5090 2634 819 2934 4281 2431 1802 1086 1977 2989 3383 0 3316
4179 5623 7024 6429 2330 1747 2906 2556 1688 3001 740 7115 5265 2454 3920 4811 5823 6217 3316 0
