32
0 1762 1824 1362 1828 1492 1860 1357 1697 1449 1879 1788 1389 2010 2039 1972 1113 1230 1800 2031 1185 1105 1085 1941 1917 2007 1043 1392 2011 1216 1057 1166 
1762 0 1491 1832 1299 1249 1977 1793 1083 1266 1590 1412 1581 1407 2048 1434 1154 1100 1524 1182 1649 1213 1242 1381 1319 1673 1970 1618 2013 1837 1032 1785 
1824 1491 0 1233 1164 1735 1763 1173 1483 1835 1726 1169 1983 1916 1284 1499 1653 2047 1078 1460 1539 1126 1122 1476 1997 1771 1905 1498 1079 1199 1024 1388 
1362 1832 1233 0 1383 1347 2020 1306 1447 1889 1300 1954 1359 1622 1221 1750 2025 1940 1727 1226 1543 1806 1205 1030 1027 1108 1553 1939 1442 1177 1807 1729 
1828 1299 1164 1383 0 1991 2030 1220 1046 1609 1194 1298 1345 1564 1682 1309 1423 1787 1759 1850 1332 1906 1112 1875 1415 1273 1431 1715 1369 1884 1257 1768 
1492 1249 1735 1347 1991 0 1855 1326 1883 1464 1040 1709 1811 1290 2009 1742 1948 2036 1686 1549 2046 1317 1272 1876 1116 1936 1659 1706 1049 1558 1677 1329 
1860 1977 1763 2020 2030 1855 0 1867 1563 1028 1566 1150 1571 1167 1076 1843 1075 1278 1969 1746 1598 2029 1466 1923 1052 1630 1532 1172 1896 1994 1500 1061 
1357 1793 1173 1306 1220 1326 1867 0 1183 1637 1193 1178 1684 1897 1661 1766 2022 1575 1488 1640 1554 1538 1044 1868 1206 1672 1195 1827 1427 1439 1589 1304 
1697 1083 1483 1447 1046 1883 1563 1183 0 1779 1886 1456 1975 1668 1961 1104 1144 1548 1135 1029 1250 1263 1721 1425 1120 1261 1152 1401 2012 1695 1435 1888 
1449 1266 1835 1889 1609 1464 1028 1637 1779 0 1526 1128 1964 1676 1903 1685 1808 1231 1834 1719 1822 1567 1035 1228 1506 1798 2037 1358 1211 1255 1887 1654 
1879 1590 1726 1300 1194 1040 1566 1193 1886 1526 0 1631 2003 1570 1910 1121 1933 1188 1852 1958 1530 2008 1338 1608 1790 1045 1457 1485 1552 1698 1795 1237 
1788 1412 1169 1954 1298 1709 1150 1178 1456 1128 1631 0 1136 1114 1780 1670 1212 1645 1904 1418 1475 2033 1394 2014 1096 1713 1513 1838 1669 1184 1533 1882 
1389 1581 1983 1359 1345 1811 1571 1684 1975 1964 2003 1136 0 2024 1254 1265 1354 1748 1314 1782 1382 1911 1050 1148 1031 1635 1248 1200 1171 1375 1845 1478 
2010 1407 1916 1622 1564 1290 1167 1897 1668 1676 1570 1114 2024 0 1547 1924 1089 1805 1583 1912 2019 1410 1708 1301 1327 1280 1065 1678 1643 1765 1560 1523 
2039 2048 1284 1221 1682 2009 1076 1661 1961 1903 1910 1780 1254 1547 0 1694 1325 1624 1723 1831 1667 1701 2041 1981 1774 1055 1244 1302 1927 1497 1215 1320 
1972 1434 1499 1750 1309 1742 1843 1766 1104 1685 1121 1670 1265 1924 1694 0 1839 1380 1473 1935 1870 1853 1851 1521 1042 1775 1848 1330 1504 1937 1703 1753 
1113 1154 1653 2025 1423 1948 1075 2022 1144 1808 1933 1212 1354 1089 1325 1839 0 1187 1287 1454 2000 1463 1745 1204 1343 1062 1922 1385 1542 1086 1881 1773 
1230 1100 2047 1940 1787 2036 1278 1575 1548 1231 1188 1645 1748 1805 1624 1380 1187 0 1611 1705 1470 1210 2038 1588 1993 1901 1720 1728 1830 1090 1493 1625 
1800 1524 1078 1727 1759 1686 1969 1488 1135 1834 1852 1904 1314 1583 1723 1473 1287 1611 0 1068 1784 1579 1201 1251 1192 1390 1296 1153 1559 1510 1189 1942 
2031 1182 1460 1226 1850 1549 1746 1640 1029 1719 1958 1418 1782 1912 1831 1935 1454 1705 1068 0 1731 1605 1137 1633 1072 1569 1518 1312 1025 1077 1664 1599 
1185 1649 1539 1543 1332 2046 1598 1554 1250 1822 1530 1475 1382 2019 1667 1870 2000 1470 1784 1731 0 1094 1747 1246 1082 2027 1107 1420 1428 1674 1955 1754 
1105 1213 1126 1806 1906 1317 2029 1538 1263 1567 2008 2033 1911 1410 1701 1853 1463 1210 1579 1605 1094 0 1634 1741 1469 1176 1404 1985 1245 1619 1895 1604 
1085 1242 1122 1205 1112 1272 1466 1044 1721 1035 1338 1394 1050 1708 2041 1851 1745 2038 1201 1137 1747 1634 0 1999 1760 1714 1556 1406 1160 1920 2040 1642 
1941 1381 1476 1030 1875 1876 1923 1868 1425 1228 1608 2014 1148 1301 1981 1521 1204 1588 1251 1633 1246 1741 1999 0 1098 1034 1550 1722 1316 1932 1134 2044 
1917 1319 1997 1027 1415 1116 1052 1206 1120 1506 1790 1096 1031 1327 1774 1042 1343 1993 1192 1072 1082 1469 1760 1098 0 1871 1616 1179 1168 1623 1288 1601 
2007 1673 1771 1108 1273 1936 1630 1672 1261 1798 1045 1713 1635 1280 1055 1775 1062 1901 1390 1569 2027 1176 1714 1034 1871 0 1073 1051 2002 1908 1467 1474 
1043 1970 1905 1553 1431 1659 1532 1195 1152 2037 1457 1513 1248 1065 1244 1848 1922 1720 1296 1518 1107 1404 1556 1550 1616 1073 0 1639 1522 1515 1692 1724 
1392 1618 1498 1939 1715 1706 1172 1827 1401 1358 1485 1838 1200 1678 1302 1330 1385 1728 1153 1312 1420 1985 1406 1722 1179 1051 1639 0 1424 1376 1391 1528 
2011 2013 1079 1442 1369 1049 1896 1427 2012 1211 1552 1669 1171 1643 1927 1504 1542 1830 1559 1025 1428 1245 1160 1316 1168 2002 1522 1424 0 1283 1898 1502 
1216 1837 1199 1177 1884 1558 1994 1439 1695 1255 1698 1184 1375 1765 1497 1937 1086 1090 1510 1077 1674 1619 1920 1932 1623 1908 1515 1376 1283 0 1070 1503 
1057 1032 1024 1807 1257 1677 1500 1589 1435 1887 1795 1533 1845 1560 1215 1703 1881 1493 1189 1664 1955 1895 2040 1134 1288 1467 1692 1391 1898 1070 0 1452 
1166 1785 1388 1729 1768 1329 1061 1304 1888 1654 1237 1882 1478 1523 1320 1753 1773 1625 1942 1599 1754 1604 1642 2044 1601 1474 1724 1528 1502 1503 1452 0 
